! sens/instr/sat chan  use pressure gross   obs    b_aero  pg_aero
!                                  error  error variational qc
 v.ce318            1     1   0.000  0.500  0.350  1.000  0.000
 v.ce318            2     1   0.000  0.500  0.350  1.000  0.000
 v.ce318            3     1   0.000  0.500  0.350  1.000  0.000
 v.ce318            4     1   0.000  0.500  0.350  1.000  0.000
 v.ce318            5    -1   0.000  0.500  0.350  1.000  0.000
 v.ce318            6    -1   0.000  0.500  0.350  1.000  0.000
 v.ce318            7    -1   0.000  0.500  0.350  1.000  0.000
 v.ce318            8    -1   0.000  0.500  0.350  1.000  0.000
 v.ce318            9    -1   0.000  0.500  0.350  1.000  0.000
 v.ce318           10    -1   0.000  0.500  0.350  1.000  0.000
 v.ce318           11    -1   0.000  0.500  0.350  1.000  0.000
 v.ce318           12    -1   0.000  0.500  0.350  1.000  0.000
 v.ce318           13    -1   0.000  0.500  0.350  1.000  0.000
 v.ce318           14    -1   0.000  0.500  0.350  1.000  0.000
 v.ce318           15    -1   0.000  0.500  0.350  1.000  0.000
 v.ce318           16    -1   0.000  0.500  0.350  1.000  0.000
 v.ce318           17    -1   0.000  0.500  0.350  1.000  0.000
 v.ce318           18    -1   0.000  0.500  0.350  1.000  0.000
 v.ce318           19    -1   0.000  0.500  0.350  1.000  0.000
 v.ce318           20    -1   0.000  0.500  0.350  1.000  0.000
 v.modis_aqua       1    -1   0.000  0.500  0.350  1.000  0.000
 v.modis_aqua       2    -1   0.000  0.500  0.350  1.000  0.000
 v.modis_aqua       3    -1   0.000  0.500  0.350  1.000  0.000
 v.modis_aqua       4     1   0.000  1.500  0.050  1.000  0.000
 v.modis_aqua       5    -1   0.000  0.500  0.350  1.000  0.000
 v.modis_aqua       6    -1   0.000  0.500  0.350  1.000  0.000
 v.modis_aqua       7    -1   0.000  0.500  0.350  1.000  0.000
 v.modis_aqua       8    -1   0.000  0.500  0.350  1.000  0.000
 v.modis_aqua       9    -1   0.000  0.500  0.350  1.000  0.000
 v.modis_aqua      10    -1   0.000  0.500  0.350  1.000  0.000
 v.modis_aqua      11    -1   0.000  0.500  0.350  1.000  0.000
 v.modis_aqua      12    -1   0.000  0.500  0.350  1.000  0.000
 v.modis_aqua      13    -1   0.000  0.500  0.350  1.000  0.000
 v.modis_aqua      14    -1   0.000  0.500  0.350  1.000  0.000
 v.modis_aqua      15    -1   0.000  0.500  0.350  1.000  0.000
 v.modis_aqua      16    -1   0.000  0.500  0.350  1.000  0.000
 v.modis_aqua      17    -1   0.000  0.500  0.350  1.000  0.000
 v.modis_aqua      18    -1   0.000  0.500  0.350  1.000  0.000
 v.modis_aqua      19    -1   0.000  0.500  0.350  1.000  0.000
 v.modis_aqua      20    -1   0.000  0.500  0.350  1.000  0.000
 v.modis_terra      1    -1   0.000  0.500  0.340  1.000  0.000
 v.modis_terra      2    -1   0.000  0.500  0.340  1.000  0.000
 v.modis_terra      3    -1   0.000  0.500  0.340  1.000  0.000
 v.modis_terra      4     1   0.000  1.500  0.050  1.000  0.000
 v.modis_terra      5    -1   0.000  0.500  0.340  1.000  0.000
 v.modis_terra      6    -1   0.000  0.500  0.340  1.000  0.000
 v.modis_terra      7    -1   0.000  0.500  0.340  1.000  0.000
 v.modis_terra      8    -1   0.000  0.500  0.340  1.000  0.000
 v.modis_terra      9    -1   0.000  0.500  0.340  1.000  0.000
 v.modis_terra     10    -1   0.000  0.500  0.340  1.000  0.000
 v.modis_terra     11    -1   0.000  0.500  0.340  1.000  0.000
 v.modis_terra     12    -1   0.000  0.500  0.340  1.000  0.000
 v.modis_terra     13    -1   0.000  0.500  0.340  1.000  0.000
 v.modis_terra     14    -1   0.000  0.500  0.340  1.000  0.000
 v.modis_terra     15    -1   0.000  0.500  0.340  1.000  0.000
 v.modis_terra     16    -1   0.000  0.500  0.340  1.000  0.000
 v.modis_terra     17    -1   0.000  0.500  0.340  1.000  0.000
 v.modis_terra     18    -1   0.000  0.500  0.340  1.000  0.000
 v.modis_terra     19    -1   0.000  0.500  0.340  1.000  0.000
 v.modis_terra     20    -1   0.000  0.500  0.340  1.000  0.000
 v.srf_eabs         1     1   0.000  0.500  0.350  1.000  0.000
 v.srf_eabs         2     1   0.000  0.500  0.350  1.000  0.000
 v.srf_eabs         3     1   0.000  0.500  0.350  1.000  0.000
 v.srf_eabs         4    -1   0.000  0.500  0.350  1.000  0.000
 v.srf_eabs         5    -1   0.000  0.500  0.350  1.000  0.000
 v.srf_eabs         6    -1   0.000  0.500  0.350  1.000  0.000
 v.srf_eabs         7    -1   0.000  0.500  0.350  1.000  0.000
 v.srf_eabs         8    -1   0.000  0.500  0.350  1.000  0.000
 v.srf_eabs         9    -1   0.000  0.500  0.350  1.000  0.000
 v.srf_eabs        10    -1   0.000  0.500  0.350  1.000  0.000
 v.srf_eabs        11    -1   0.000  0.500  0.350  1.000  0.000
 v.srf_eabs        12    -1   0.000  0.500  0.350  1.000  0.000
 v.srf_eabs        13    -1   0.000  0.500  0.350  1.000  0.000
 v.srf_eabs        14    -1   0.000  0.500  0.350  1.000  0.000
 v.srf_eabs        15    -1   0.000  0.500  0.350  1.000  0.000
 v.srf_eabs        16    -1   0.000  0.500  0.350  1.000  0.000
 v.srf_eabs        17    -1   0.000  0.500  0.350  1.000  0.000
 v.srf_eabs        18    -1   0.000  0.500  0.350  1.000  0.000
 v.srf_eabs        19    -1   0.000  0.500  0.350  1.000  0.000
 v.srf_eabs        20    -1   0.000  0.500  0.350  1.000  0.000
 v.srf_esca         1     1   0.000  0.500  0.350  1.000  0.000
 v.srf_esca         2     1   0.000  0.500  0.350  1.000  0.000
 v.srf_esca         3     1   0.000  0.500  0.350  1.000  0.000
 v.srf_esca         4    -1   0.000  0.500  0.350  1.000  0.000
 v.srf_esca         5    -1   0.000  0.500  0.350  1.000  0.000
 v.srf_esca         6    -1   0.000  0.500  0.350  1.000  0.000
 v.srf_esca         7    -1   0.000  0.500  0.350  1.000  0.000
 v.srf_esca         8    -1   0.000  0.500  0.350  1.000  0.000
 v.srf_esca         9    -1   0.000  0.500  0.350  1.000  0.000
 v.srf_esca        10    -1   0.000  0.500  0.350  1.000  0.000
 v.srf_esca        11    -1   0.000  0.500  0.350  1.000  0.000
 v.srf_esca        12    -1   0.000  0.500  0.350  1.000  0.000
 v.srf_esca        13    -1   0.000  0.500  0.350  1.000  0.000
 v.srf_esca        14    -1   0.000  0.500  0.350  1.000  0.000
 v.srf_esca        15    -1   0.000  0.500  0.350  1.000  0.000
 v.srf_esca        16    -1   0.000  0.500  0.350  1.000  0.000
 v.srf_esca        17    -1   0.000  0.500  0.350  1.000  0.000
 v.srf_esca        18    -1   0.000  0.500  0.350  1.000  0.000
 v.srf_esca        19    -1   0.000  0.500  0.350  1.000  0.000
 v.srf_esca        20    -1   0.000  0.500  0.350  1.000  0.000
 v.srf_eext         1     1   0.000  0.500  0.350  1.000  0.000
 v.srf_eext         2     1   0.000  0.500  0.350  1.000  0.000
 v.srf_eext         3     1   0.000  0.500  0.350  1.000  0.000
 v.srf_eext         4    -1   0.000  0.500  0.350  1.000  0.000
 v.srf_eext         5    -1   0.000  0.500  0.350  1.000  0.000
 v.srf_eext         6    -1   0.000  0.500  0.350  1.000  0.000
 v.srf_eext         7    -1   0.000  0.500  0.350  1.000  0.000
 v.srf_eext         8    -1   0.000  0.500  0.350  1.000  0.000
 v.srf_eext         9    -1   0.000  0.500  0.350  1.000  0.000
 v.srf_eext        10    -1   0.000  0.500  0.350  1.000  0.000
 v.srf_eext        11    -1   0.000  0.500  0.350  1.000  0.000
 v.srf_eext        12    -1   0.000  0.500  0.350  1.000  0.000
 v.srf_eext        13    -1   0.000  0.500  0.350  1.000  0.000
 v.srf_eext        14    -1   0.000  0.500  0.350  1.000  0.000
 v.srf_eext        15    -1   0.000  0.500  0.350  1.000  0.000
 v.srf_eext        16    -1   0.000  0.500  0.350  1.000  0.000
 v.srf_eext        17    -1   0.000  0.500  0.350  1.000  0.000
 v.srf_eext        18    -1   0.000  0.500  0.350  1.000  0.000
 v.srf_eext        19    -1   0.000  0.500  0.350  1.000  0.000
 v.srf_eext        20    -1   0.000  0.500  0.350  1.000  0.000
